17.4267025116 78.4521166491  1524727079.634112
17.4267068989 78.4521240860  1524727079.734964
17.4267110451 78.4521315055  1524727079.835845
17.4267149619 78.4521388817  1524727079.936687
17.4267185984 78.4521460594  1524727080.037560
17.4267219409 78.4521529396  1524727080.138388
17.4267251875 78.4521598784  1524727080.239266
17.4267283640 78.4521669014  1524727080.340112
17.4267313774 78.4521737627  1524727080.440977
17.4267342304 78.4521804180  1524727080.541837
17.4267397129 78.4521935527  1524727080.743560
17.4267417917 78.4521986174  1524727080.844394
17.4267431574 78.4522019602  1524727080.945290
17.4267445191 78.4522053009  1524727081.046122
17.4267458794 78.4522086421  1524727081.146971
17.4267505897 78.4522201898  1524727081.348688
17.4267532638 78.4522266902  1524727081.449573
17.4267559247 78.4522330884  1524727081.550390
17.4267586839 78.4522396278  1524727081.651266
17.4267615438 78.4522462843  1524727081.752127
17.4267649555 78.4522540422  1524727081.852970
17.4267694321 78.4522638918  1524727081.953835
17.4267765254 78.4522786935  1524727082.054700
17.4267797422 78.4522850800  1524727082.155547
17.4267830688 78.4522914762  1524727082.256422
17.4267900202 78.4523041921  1524727082.458138
17.4267936187 78.4523104501  1524727082.558990
17.4268010592 78.4523227491  1524727082.760702
17.4268050410 78.4523290042  1524727082.861551
17.4268092275 78.4523353566  1524727082.962411
17.4268133227 78.4523413630  1524727083.063271
17.4268174498 78.4523472227  1524727083.164124
17.4268258821 78.4523586454  1524727083.365879
17.4268303344 78.4523644059  1524727083.466732
17.4268396339 78.4523759023  1524727083.668420
17.4268444190 78.4523815617  1524727083.769280
17.4268476896 78.4523853380  1524727083.870134
17.4268504054 78.4523884202  1524727083.970990
17.4268594169 78.4523983226  1524727084.172727
17.4268699523 78.4524093277  1524727084.273565
17.4268753707 78.4524147729  1524727084.374482
17.4268808060 78.4524201011  1524727084.475286
17.4268863396 78.4524253969  1524727084.576185
17.4268922344 78.4524309046  1524727084.677010
17.4268983638 78.4524364947  1524727084.777906
17.4269019582 78.4524397116  1524727084.878719
17.4269080014 78.4524450237  1524727085.080459
17.4269110728 78.4524476793  1524727085.181310
17.4269166164 78.4524524006  1524727085.282211
17.4269227741 78.4524575417  1524727085.383032
17.4269352941 78.4524676858  1524727085.584760
17.4269416966 78.4524727251  1524727085.685611
17.4269482134 78.4524777594  1524727085.786438
17.4269565818 78.4524840918  1524727085.887338
17.4269723102 78.4524956243  1524727085.988156
17.4269811623 78.4525019213  1524727086.089036
17.4269880614 78.4525067400  1524727086.189868
17.4270011748 78.4525156993  1524727086.391615
17.4270078630 78.4525201744  1524727086.492494
17.4270209778 78.4525287786  1524727086.694156
17.4270273534 78.4525328844  1524727086.795026
17.4270346365 78.4525375166  1524727086.895902
17.4270421496 78.4525422331  1524727086.996762
17.4270560652 78.4525508132  1524727087.198465
17.4270628584 78.4525549325  1524727087.299337
17.4270854315 78.4525683219  1524727087.601906
17.4270924175 78.4525723792  1524727087.702779
17.4271067335 78.4525805769  1524727087.904479
17.4271140278 78.4525846966  1524727088.005321
17.4271210273 78.4525886154  1524727088.106171
17.4271280839 78.4525925335  1524727088.207042
17.4271351586 78.4525964299  1524727088.307888
17.4271497970 78.4526043966  1524727088.509631
17.4271572425 78.4526084019  1524727088.610466
17.4271641334 78.4526120822  1524727088.711353
17.4271740960 78.4526173597  1524727088.913059
17.4271775927 78.4526192003  1524727089.013932
17.4271988975 78.4526302914  1524727089.215624
17.4272063120 78.4526341044  1524727089.316506
17.4272136858 78.4526378741  1524727089.417333
17.4272207987 78.4526414900  1524727089.518190
17.4272280296 78.4526451461  1524727089.619046
17.4272431122 78.4526527118  1524727089.820777
17.4272500827 78.4526561821  1524727089.921843
17.4272571570 78.4526596881  1524727090.022515
17.4272646063 78.4526633632  1524727090.123372
17.4272720075 78.4526669983  1524727090.224204
17.4272792250 78.4526705283  1524727090.325052
17.4272945044 78.4526779554  1524727090.526781
17.4273020192 78.4526815868  1524727090.627630
17.4273088212 78.4526848623  1524727090.728504
17.4273156147 78.4526881233  1524727090.829345
17.4273292907 78.4526946586  1524727091.031074
17.4273365240 78.4526981002  1524727091.131928
17.4273499576 78.4527044668  1524727091.333642
17.4273563763 78.4527074981  1524727091.434523
17.4273626621 78.4527104603  1524727091.535374
17.4273691521 78.4527135126  1524727091.636219
17.4273759193 78.4527166890  1524727091.737096
17.4273847623 78.4527208307  1524727091.938794
