19328184 -7.8 2.2 -0.885818 1524727079.634112000
77216214 -1.43051e-06 3.2 -1.03655 1524727079.634112000
19328184 -8.3 1.95 -0.85358 1524727079.734964000
77216214 -0.250002 3.1 -1.03405 1524727079.734964000
148797 8.9 -0.4 -0.938028 1524727079.734964000
19328184 -8.625 1.73125 -0.835415 1524727079.835845000
77216214 -0.512501 3.0375 -1.02943 1524727079.835845000
148797 8.825 -0.4 -0.970042 1524727079.835845000
19328184 -8.98125 1.62734 -0.829272 1524727079.936687000
77216214 -0.865627 3.00781 -1.02582 1524727079.936687000
148797 8.68125 -0.4 -0.931668 1524727079.936687000
19328184 -9.26406 1.49111 -0.831244 1524727080.037560000
77216214 -1.27578 2.89746 -1.02149 1524727080.037560000
148797 8.48906 -0.4 -0.89381 1524727080.037560000
19328184 -9.48945 1.42289 -0.83725 1524727080.138388000
77216214 -1.61192 2.73333 -1.01824 1524727080.138388000
148797 8.3707 -0.4 -0.865395 1524727080.138388000
19328184 -9.57979 1.39725 -0.844314 1524727080.239266000
77216214 -1.877 2.64229 -1.01647 1524727080.239266000
148797 8.21884 -0.4 -0.848709 1524727080.239266000
19328184 -9.78001 1.29187 -0.850559 1524727080.340112000
77216214 -2.0903 2.50368 -1.01618 1524727080.340112000
148797 8.1382 -0.4 -0.841667 1524727080.340112000
19328184 -9.98512 1.23107 -0.855576 1524727080.440977000
77216214 -2.37437 2.43014 -1.01773 1524727080.440977000
148797 8.11333 -0.4 -0.841172 1524727080.440977000
19328184 -10.1914 1.20422 -0.858244 1524727080.541837000
77216214 -2.72281 2.30046 -1.02145 1524727080.541837000
148797 8.02256 -0.4 -0.843917 1524727080.541837000
1218196 21.6 1.4 -1.58143 1524727080.541837000
19328184 -10.4967 1.09593 -0.860528 1524727080.743560000
77216214 -3.11633 2.03036 -1.01214 1524727080.743560000
148797 7.97154 -0.4 -0.847352 1524727080.743560000
1218196 21.15 1.4 -1.358 1524727080.743560000
19328184 -10.8752 0.93288 -0.861927 1524727080.844394000
77216214 -3.53401 1.77645 -0.988094 1524727080.844394000
148797 7.95314 -0.4 -0.850281 1524727080.844394000
1218196 20.6375 1.4 -1.22226 1524727080.844394000
19328184 -11.0956 0.842288 -0.842808 1524727080.945290000
77216214 -3.85935 1.64681 -0.975744 1524727080.945290000
148797 7.85566 -0.4 -0.851973 1524727080.945290000
1218196 20.2219 1.4 -1.16196 1524727080.945290000
19328184 -11.3819 0.803782 -0.849135 1524727081.046122000
77216214 -4.10718 1.39684 -0.975801 1524727081.046122000
148797 7.793 -0.4 -0.852535 1524727081.046122000
1218196 19.8086 1.3 -1.41716 1524727081.046122000
19328184 -11.7296 0.692737 -0.836482 1524727081.146971000
77216214 -4.6043 1.16053 -0.975283 1524727081.146971000
148797 7.76342 -0.4 -0.852523 1524727081.146971000
1218196 19.3998 1.3375 -1.36888 1524727081.146971000
19328184 -12.121 0.5302 -0.82566 1524727081.348688000
77216214 -5.10179 0.841258 -0.963398 1524727081.348688000
148797 7.75778 -0.4 -0.85228 1524727081.348688000
1218196 18.8955 1.27031 -1.30459 1524727081.348688000
19328184 -12.5365 0.44074 -0.823629 1524727081.449573000
77216214 -5.47508 0.570966 -0.956934 1524727081.449573000
1218196 18.4194 1.22715 -1.24886 1524727081.449573000
19328184 -12.7601 0.403098 -0.825242 1524727081.550390000
77216214 -5.64296 0.439281 -0.951833 1524727081.550390000
148797 7.678 -0.5 -0.850148 1524727081.550390000
1218196 17.8765 1.10618 -1.20672 1524727081.550390000
19328184 -13.0319 0.392525 -0.828787 1524727081.651266000
77216214 -5.76616 0.391629 -0.955051 1524727081.651266000
148797 7.61474 -0.4625 -0.849269 1524727081.651266000
1218196 17.786 1.03612 -1.18078 1524727081.651266000
19328184 -13.2598 0.192685 -0.832744 1524727081.752127000
77216214 -5.98622 0.182855 -0.963825 1524727081.752127000
148797 7.47943 -0.529688 -0.848437 1524727081.752127000
1218196 17.5442 1.00506 -1.16797 1524727081.752127000
19328184 -13.4588 0.0704681 -0.832889 1524727081.852970000
77216214 -6.2997 0.062091 -0.976299 1524727081.852970000
148797 7.39191 -0.572852 -0.847862 1524727081.852970000
1218196 17.5373 0.995397 -1.1625 1524727081.852970000
19328184 -13.6436 0.0134882 -0.833414 1524727081.953835000
77216214 -6.38151 0.00861576 -0.989444 1524727081.953835000
148797 7.35018 -0.593823 -0.847464 1524727081.953835000
1218196 17.3995 0.994708 -1.16031 1524727081.953835000
19328184 -13.8251 -0.00581503 -0.834573 1524727082.054700000
77216214 -6.57704 -0.107984 -1.00465 1524727082.054700000
148797 7.34176 -0.601382 -0.847306 1524727082.054700000
1218196 17.1307 0.99652 -1.15806 1524727082.054700000
19328184 -13.9096 -0.00846028 -0.836257 1524727082.155547000
77216214 -6.78055 -0.27164 -1.04054 1524727082.155547000
148797 7.35212 -0.602754 -0.847238 1524727082.155547000
1218196 16.8637 0.998278 -1.15417 1524727082.155547000
19328184 -14.1244 -0.00594902 -0.83831 1524727082.256422000
77216214 -7.08716 -0.360689 -0.99175 1524727082.256422000
1218196 16.6142 0.999363 -1.14861 1524727082.256422000
19328184 -14.4507 -0.00309038 -0.841789 1524727082.458138000
77216214 -7.56868 -0.397693 -0.952489 1524727082.458138000
1218196 16.0859 0.999873 -1.14018 1524727082.458138000
19328184 -14.8512 -0.101217 -0.844957 1524727082.558990000
77216214 -7.96727 -0.507809 -0.930095 1524727082.558990000
148797 7.29727 -0.600462 -0.846445 1524727082.558990000
1218196 15.5503 1.00005 -1.13111 1524727082.558990000
19328184 -14.9886 -0.162792 -0.850081 1524727082.760702000
77216214 -8.37475 -0.66991 -0.927897 1524727082.760702000
148797 7.22883 -0.600125 -0.846177 1524727082.760702000
1218196 14.9449 1.10007 -1.11776 1524727082.760702000
19328184 -15.1102 -0.192139 -0.853343 1524727082.861551000
77216214 -8.7848 -0.759219 -0.934644 1524727082.861551000
148797 7.2874 -0.499994 -0.84596 1524727082.861551000
1218196 14.506 1.16255 -1.10145 1524727082.861551000
19328184 -15.4434 -0.202424 -0.855932 1524727082.962411000
77216214 -9.09363 -0.796839 -0.945395 1524727082.962411000
148797 7.34483 -0.437463 -0.845815 1524727082.962411000
1218196 14.11 1.19221 -1.08785 1524727082.962411000
19328184 -15.6492 -0.204086 -0.858214 1524727083.063271000
77216214 -9.42463 -0.807429 -0.958285 1524727083.063271000
148797 7.28734 -0.407782 -0.845716 1524727083.063271000
1218196 13.7345 1.30255 -1.08094 1524727083.063271000
19328184 -15.9398 -0.202969 -0.860395 1524727083.164124000
77216214 -9.58398 -0.807291 -0.970593 1524727083.164124000
148797 7.23676 -0.397444 -0.845656 1524727083.164124000
1218196 13.4632 1.36668 -1.07131 1524727083.164124000
19328184 -16.3001 -0.301577 -0.863888 1524727083.365879000
77216214 -9.81766 -1.00452 -0.983968 1524727083.365879000
148797 7.20228 -0.395818 -0.845525 1524727083.365879000
1218196 13.0617 1.39521 -1.05838 1524727083.365879000
19328184 -16.7053 -0.463137 -0.867111 1524727083.466732000
77216214 -10.1301 -1.12713 -0.994533 1524727083.466732000
148797 7.18447 -0.39698 -0.845541 1524727083.466732000
1218196 12.5455 1.50414 -1.07166 1524727083.466732000
19328184 -17.1315 -0.554851 -0.872172 1524727083.668420000
77216214 -10.6038 -1.18511 -1.00504 1524727083.668420000
148797 7.17945 -0.398403 -0.845652 1524727083.668420000
1218196 11.8511 1.66732 -1.07809 1524727083.668420000
19328184 -17.5618 -0.59471 -0.876137 1524727083.769280000
77216214 -10.9897 -1.20519 -1.01373 1524727083.769280000
1218196 11.2411 1.75787 -1.07651 1524727083.769280000
19328184 -17.8865 -0.606659 -0.878789 1524727083.870134000
77216214 -11.2852 -1.30826 -1.01984 1524727083.870134000
1218196 10.8258 1.79631 -1.0634 1524727083.870134000
19328184 -18.2272 -0.807149 -0.884957 1524727083.970990000
77216214 -11.5117 -1.36843 -1.02457 1524727083.970990000
148797 7.2938 -0.300018 -0.846181 1524727083.970990000
1218196 10.4617 1.9073 -1.04811 1524727083.970990000
19328184 -18.6908 -0.929591 -0.888015 1524727084.172727000
77216214 -11.697 -1.49531 -1.03469 1524727084.172727000
148797 7.27331 -0.337557 -0.911373 1524727084.172727000
1218196 10.1142 2.06981 -1.05487 1524727084.172727000
19328184 -19.2498 -0.986605 -0.889993 1524727084.273565000
77216214 -11.8654 -1.56629 -1.04299 1524727084.273565000
148797 7.24474 -0.270358 -0.9604 1524727084.273565000
1218196 9.76195 2.15926 -1.05921 1524727084.273565000
19328184 -19.5669 -1.00588 -0.892141 1524727084.374482000
77216214 -12.1333 -1.59668 -1.05031 1524727084.374482000
148797 7.21927 -0.327174 -0.923939 1524727084.374482000
1218196 9.39531 2.1969 -1.05695 1524727084.374482000
19328184 -19.8837 -1.0085 -0.894378 1524727084.475286000
77216214 -12.3839 -1.60552 -1.05642 1524727084.475286000
148797 7.30172 -0.368688 -0.886307 1524727084.475286000
1218196 9.01317 2.20747 -1.04926 1524727084.475286000
19328184 -20.1212 -1.10596 -0.929495 1524727084.576185000
77216214 -12.6132 -1.70566 -1.06228 1524727084.576185000
148797 7.26751 -0.390808 -0.857447 1524727084.576185000
1218196 8.6188 2.20731 -1.03439 1524727084.576185000
19328184 -20.2096 -1.16559 -0.924266 1524727084.677010000
77216214 -12.7246 -1.76607 -1.06828 1524727084.677010000
148797 7.33353 -0.399785 -0.84023 1524727084.677010000
1218196 8.31692 2.20453 -1.02876 1524727084.677010000
19328184 -20.4014 -1.1934 -0.916511 1524727084.777906000
77216214 -12.9491 -1.7939 -1.07249 1524727084.777906000
148797 7.38315 -0.40211 -0.83321 1524727084.777906000
1218196 8.08675 2.20214 -1.02184 1524727084.777906000
19328184 -20.697 -1.20283 -0.911273 1524727084.878719000
77216214 -13.2741 -1.80314 -1.07679 1524727084.878719000
148797 7.41218 -0.4019 -0.833007 1524727084.878719000
1218196 7.79997 2.20074 -1.01613 1524727084.878719000
19328184 -21.0705 -1.20413 -0.909772 1524727085.080459000
77216214 -13.6681 -1.80428 -1.10361 1524727085.080459000
148797 7.42365 -0.401135 -0.836195 1524727085.080459000
1218196 7.25659 2.20011 -1.00612 1524727085.080459000
19328184 -21.4896 -1.2029 -0.910742 1524727085.181310000
77216214 -13.898 -1.80296 -1.12482 1524727085.181310000
148797 7.32347 -0.400518 -0.840298 1524727085.181310000
1218196 6.72075 2.19991 -0.995782 1524727085.181310000
19328184 -21.9268 -1.50151 -0.913517 1524727085.282211000
77216214 -14.1885 -1.80152 -1.12242 1524727085.282211000
148797 7.24251 -0.40017 -0.843876 1524727085.282211000
1218196 6.32265 2.1999 -0.987526 1524727085.282211000
19328184 -22.6637 -1.38809 -0.917512 1524727085.383032000
77216214 -14.3366 -1.80059 -1.14168 1524727085.383032000
148797 7.19141 -0.400019 -0.846298 1524727085.383032000
1218196 6.04293 2.19993 -0.978893 1524727085.383032000
19328184 -23.3162 -1.28921 -0.92673 1524727085.584760000
77216214 -14.5765 -1.80014 -1.13464 1524727085.584760000
148797 7.268 -0.499974 -0.847562 1524727085.584760000
1218196 5.44234 2.19997 -0.991797 1524727085.584760000
19328184 -23.4634 -1.13103 -0.931036 1524727085.685611000
77216214 -14.9023 -1.79997 -1.1289 1524727085.685611000
148797 7.3393 -0.562473 -0.848071 1524727085.685611000
1218196 4.98146 2.19999 -1.00265 1524727085.685611000
19328184 -23.5212 -0.942351 -0.934768 1524727085.786438000
77216214 -15.0897 -1.79994 -1.12578 1524727085.786438000
148797 7.39012 -0.69217 -0.848136 1524727085.786438000
1218196 4.55565 2.2 -1.00221 1524727085.786438000
19328184 -23.6697 -0.841799 -0.96132 1524727085.887338000
77216214 -15.2609 -1.79996 -0.99364 1524727085.887338000
148797 7.418 -0.765031 -0.848312 1524727085.887338000
1218196 4.15384 2.3 -1.00592 1524727085.887338000
19328184 -23.9266 -0.800987 -0.981702 1524727085.988156000
77216214 -15.4313 -1.79998 -0.895391 1524727085.988156000
148797 7.42744 -0.796359 -0.84836 1524727085.988156000
1218196 3.76447 2.2625 -1.0038 1524727085.988156000
19328184 -24.2734 -0.790414 -0.995448 1524727086.089036000
77216214 -15.6087 -1.79999 -0.839279 1524727086.089036000
148797 7.4253 -0.805557 -0.848437 1524727086.089036000
1218196 3.47867 2.22969 -0.996496 1524727086.089036000
19328184 -24.5784 -0.591365 -1.29473 1524727086.189868000
77216214 -15.7952 -1.8 -0.95491 1524727086.189868000
1218196 3.1661 2.31035 -0.987154 1524727086.189868000
77216214 -15.9897 -1.7 -0.947913 1524727086.391615000
1218196 2.71829 2.36414 -0.977847 1524727086.391615000
77216214 -16.1895 -1.6375 -0.937472 1524727086.492494000
77216214 -16.492 -1.60781 -0.929049 1524727086.694156000
148797 7.49915 -0.800625 -0.850052 1524727086.694156000
1218196 1.79687 2.56362 -0.955479 1524727086.694156000
77216214 -16.6703 -1.59746 -0.923711 1524727086.795026000
148797 7.57233 -0.700107 -0.850291 1524727086.795026000
1218196 1.26368 2.59541 -0.959986 1524727086.795026000
77216214 -16.8418 -1.59583 -0.921537 1524727086.895902000
148797 7.71584 -0.637437 -0.850549 1524727086.895902000
1218196 0.881166 2.60508 -0.963036 1524727086.895902000
77216214 -17.0172 -1.59698 -0.921699 1524727086.996762000
148797 7.80863 -0.607731 -0.850732 1524727086.996762000
1218196 0.619617 2.60559 -0.965021 1524727086.996762000
77216214 -17.1005 -1.5984 -0.923738 1524727087.198465000
148797 7.85287 -0.497405 -0.851235 1524727087.198465000
1218196 0.133938 2.50362 -0.966434 1524727087.198465000
77216214 -17.2171 -1.59936 -0.926311 1524727087.299337000
148797 7.86177 -0.433297 -0.851535 1524727087.299337000
1218196 -0.342387 2.53927 -0.966812 1524727087.299337000
77216214 -17.4711 -1.49984 -0.929964 1524727087.601906000
148797 7.85078 -0.404784 -0.852105 1524727087.601906000
1218196 -0.994952 2.47096 -0.963683 1524727087.601906000
77216214 -17.6303 -1.43752 -0.932905 1524727087.702779000
1218196 -1.4725 2.42727 -0.963514 1524727087.702779000
77216214 -17.9024 -1.40787 -0.935714 1524727087.904479000
148797 7.91534 -0.395183 -0.853178 1524727087.904479000
1218196 -1.99315 2.40612 -0.961546 1524727087.904479000
77216214 -18.1628 -1.29751 -0.937628 1524727088.005321000
148797 7.97789 -0.39682 -0.853604 1524727088.005321000
1218196 -2.45518 2.29854 -0.959079 1524727088.005321000
77216214 -18.3023 -1.33335 -0.938947 1524727088.106171000
148797 8.01469 -0.398422 -0.853832 1524727088.106171000
1218196 -2.77241 2.23469 -0.956644 1524727088.106171000
77216214 -18.4465 -1.36731 -0.93998 1524727088.207042000
148797 8.12941 -0.399414 -0.854202 1524727088.207042000
1218196 -3.08792 2.20572 -0.955169 1524727088.207042000
77216214 -18.507 -1.28805 -0.940428 1524727088.307888000
148797 8.20442 -0.399882 -0.854759 1524727088.307888000
1218196 -3.32369 2.19633 -0.950344 1524727088.307888000
77216214 -18.7105 -1.33522 -1.099 1524727088.509631000
148797 8.24082 -0.400043 -0.854895 1524727088.509631000
1218196 -3.71066 2.19536 -0.9423 1524727088.509631000
77216214 -18.8346 -1.37131 -1.0604 1524727088.610466000
148797 8.24881 -0.400067 -0.855005 1524727088.610466000
1218196 -4.02648 2.19686 -0.93762 1524727088.610466000
77216214 -18.988 -1.39109 -1.17129 1524727088.711353000
148797 8.24061 -0.400048 -0.854891 1524727088.711353000
1218196 -4.37777 2.19841 -0.939104 1524727088.711353000
77216214 -19.0677 -1.39937 -1.09095 1524727088.913059000
1218196 -4.75897 2.19939 -0.949357 1524727088.913059000
77216214 -19.1906 -1.40168 -1.01443 1524727089.013932000
148797 8.21263 -0.40001 -0.931107 1524727089.013932000
1218196 -5.15983 2.19987 -0.94565 1524727089.013932000
77216214 -19.3544 -1.40163 -1.12339 1524727089.215624000
148797 8.20262 -0.400003 -0.912319 1524727089.215624000
1218196 -5.3703 2.20004 -0.969061 1524727089.215624000
77216214 -19.4477 -1.401 -1.0536 1524727089.316506000
148797 8.19695 -0.4 -0.888672 1524727089.316506000
1218196 -5.83296 2.20006 -0.991917 1524727089.316506000
77216214 -19.5824 -1.40047 -0.992875 1524727089.417333000
148797 8.19488 -0.399999 -0.868891 1524727089.417333000
1218196 -6.20605 2.20005 -0.971328 1524727089.417333000
77216214 -19.7542 -1.40016 -0.95176 1524727089.518190000
148797 8.19513 -0.399999 -0.9072 1524727089.518190000
1218196 -6.59109 2.20003 -0.950818 1524727089.518190000
77216214 -19.7515 -1.40002 -0.930798 1524727089.619046000
148797 8.19647 -0.4 -0.961641 1524727089.619046000
1218196 -6.88583 2.20001 -0.939531 1524727089.619046000
77216214 -19.9123 -1.39998 -0.925581 1524727089.820777000
148797 8.19802 -0.4 -0.975406 1524727089.820777000
1218196 -7.31175 2.2 -0.940584 1524727089.820777000
77216214 -20.0146 -1.39998 -0.929707 1524727089.921843000
148797 8.19929 -0.4 -1.0031 1524727089.921843000
1218196 -7.74677 2.2 -0.946287 1524727089.921843000
77216214 -20.0621 -1.49998 -1.1856 1524727090.022515000
1218196 -8.07759 2.2 -0.960204 1524727090.022515000
77216214 -20.1703 -1.46249 -2.12005 1524727090.123372000
1218196 -8.3236 2.2 -0.9453 1524727090.123372000
77216214 -20.3319 -1.52968 -1.80322 1524727090.224204000
148797 8.20055 -0.4 -0.917857 1524727090.224204000
1218196 -8.51571 2.2 -0.935927 1524727090.224204000
77216214 -20.5297 -1.47285 -1.43386 1524727090.325052000
148797 8.20045 -0.4 -0.869757 1524727090.325052000
1218196 -8.78283 2.2 -0.95822 1524727090.325052000
77216214 -20.7461 -1.43132 -1.13114 1524727090.526781000
148797 8.20028 -0.4 -0.842164 1524727090.526781000
1218196 -9.12069 2.2 -0.963243 1524727090.526781000
77216214 -20.9678 -1.4092 -0.937199 1524727090.627630000
148797 8.20013 -0.4 -0.831514 1524727090.627630000
1218196 -9.30944 2.5 -0.971568 1524727090.627630000
77216214 -21.0867 -1.40022 -0.846718 1524727090.728504000
148797 8.20002 -0.4 -0.905741 1524727090.728504000
1218196 -9.77646 2.3875 -0.981413 1524727090.728504000
77216214 -21.2245 -1.39789 -0.830466 1524727090.829345000
148797 8.09996 -0.4 -0.966555 1524727090.829345000
1218196 -10.2659 2.28906 -0.929175 1524727090.829345000
77216214 -21.4873 -1.3981 -0.856937 1524727091.031074000
148797 8.02494 -0.3 -0.931834 1524727091.031074000
1218196 -10.7441 2.23105 -0.863716 1524727091.031074000
148797 7.98119 -0.2375 -0.894826 1524727091.131928000
1218196 -11.1972 2.20491 -0.821176 1524727091.131928000
77216214 -22.05 -1.19868 -1.16178 1524727091.333642000
148797 7.86402 -0.107813 -0.86571 1524727091.333642000
1218196 -11.7244 2.19653 -0.83394 1524727091.333642000
77216214 -22.3211 -1.08685 -1.10342 1524727091.434523000
148797 7.78943 -0.0349611 -0.847827 1524727091.434523000
1218196 -12.207 2.19574 -0.852279 1524727091.434523000
77216214 -22.6764 -1.02633 -1.04416 1524727091.535374000
148797 7.75478 -0.00363785 -0.839878 1524727091.535374000
1218196 -12.5465 2.29714 -0.869526 1524727091.535374000
77216214 -22.885 -1.00132 -0.997977 1524727091.636219000
148797 7.74875 0.00555712 -0.838766 1524727091.636219000
1218196 -12.8796 2.26106 -0.885171 1524727091.636219000
77216214 -23.168 -0.994576 -0.969679 1524727091.737096000
148797 7.75855 0.00577188 -0.84115 1524727091.737096000
1218196 -13.2263 2.22914 -0.895371 1524727091.737096000
77216214 -23.6175 -0.994923 -0.960141 1524727091.938794000
1218196 -13.693 2.31024 -0.90453 1524727091.938794000
77216214 -23.9879 -0.996914 -0.962192 1524727092.039637000
148797 7.68799 0.10176 -0.848136 1524727092.039637000
1218196 -14.0532 2.36417 -0.905199 1524727092.039637000
77216214 -24.2761 -0.998569 -0.969883 1524727092.140506000
148797 7.62308 0.163125 -0.84997 1524727092.140506000
1218196 -14.5199 2.49109 -0.887445 1524727092.140506000
77216214 -24.5012 -0.999519 -0.980233 1524727092.241365000
148797 7.58486 0.292294 -0.850572 1524727092.241365000
1218196 -14.8733 2.56366 -0.874876 1524727092.241365000
77216214 -24.7884 -0.999937 -0.989946 1524727092.545601000
148797 7.46953 0.364976 -0.849927 1524727092.545601000
1218196 -15.2317 2.49543 -0.863843 1524727092.545601000
77216214 -25.0349 -1.00007 -0.996972 1524727092.646462000
148797 7.39448 0.396281 -0.849065 1524727092.646462000
1218196 -16.003 2.34259 -0.884199 1524727092.646462000
148797 7.35834 0.405501 -0.84824 1524727092.747351000
1218196 -16.1879 2.25091 -0.879092 1524727092.747351000
148797 7.35068 0.405743 -0.847866 1524727092.848174000
1218196 -16.6833 2.2089 -0.899864 1524727092.848174000
148797 7.35918 0.40365 -0.847795 1524727092.949047000
1218196 -17.1602 2.29506 -0.891755 1524727092.949047000
148797 7.37364 0.401758 -0.915975 1524727093.150739000
1218196 -17.7086 2.35595 -0.885487 1524727093.150739000
148797 7.38745 0.400626 -0.898693 1524727093.251632000
1218196 -18.2057 2.38769 -0.914089 1524727093.251632000
148797 7.3975 0.400108 -0.877277 1524727093.352455000
1218196 -18.5528 2.30024 -0.905859 1524727093.352455000
148797 7.40315 0.399938 -0.925566 1524727093.453330000
1218196 -18.8881 2.24079 -0.897287 1524727093.453330000
148797 7.40518 0.399919 -0.962632 1524727093.554188000
1218196 -19.0338 2.21063 -0.892005 1524727093.554188000
148797 7.30491 0.399944 -0.919302 1524727093.655035000
1218196 -19.3482 2.1991 -0.889688 1524727093.655035000
148797 7.22854 0.399971 -0.879334 1524727093.755889000
1218196 -19.2183 2.19656 -0.890742 1524727093.755889000
148797 7.08322 0.399989 -0.850821 1524727093.957638000
1218196 -19.3488 2.09721 -1.90982 1524727093.957638000
148797 6.98976 0.399997 -0.835261 1524727094.058473000
148797 7.04559 0.4 -0.829979 1524727094.159325000
148797 7.1121 0.400001 -0.831253 1524727094.260185000
148797 7.06734 0.400001 -0.835364 1524727094.461899000
148797 7.02812 0.4 -0.839849 1524727094.562768000
148797 7.00148 0.4 -0.843608 1524727094.764478000
148797 6.98779 0.4 -0.846414 1524727094.865345000
148797 6.984 0.4 -0.847318 1524727094.966218000
148797 6.99523 0.3 -0.887724 1524727095.369664000
148797 6.99873 0.1375 -0.91877 1524727095.470489000
148797 7.00079 0.0453123 -0.870457 1524727095.672230000
148797 7.00163 0.00527322 -0.827605 1524727095.773064000
148797 7.00164 -0.00671405 -0.798999 1524727095.873921000
148797 7.00123 -0.00719321 -0.783865 1524727096.075632000
148797 6.9999 6.99759e-05 -0.836221 1524727096.983360000
148797 7.10002 -7.7486e-07 -0.837385 1524727097.588508000
148797 7.07502 -1.54972e-06 -0.846011 1524727097.689358000
148797 7.04376 -1.2517e-06 -0.850353 1524727097.790245000
148797 7.11719 -7.15256e-07 -0.851581 1524727097.991961000
148797 7.27461 -3.57628e-07 -0.850927 1524727098.092883000
148797 7.38467 -2.38419e-07 -0.849706 1524727098.294526000
148797 7.44353 0.0999998 -0.848742 1524727098.395414000
148797 7.46207 0.1625 -0.847885 1524727098.496274000
148797 7.45583 0.192187 -0.847375 1524727098.597099000
148797 7.42052 0.304175 -0.847482 1524727098.798797000
148797 7.40628 0.365518 -0.848008 1524727099.000513000
148797 7.39758 0.393785 -0.824573 1524727099.101398000
148797 7.49384 0.403182 -0.831311 1524727099.303122000
77216215 -5.475080 0.360530 -0.956934 1524727081.348688
77216215 -5.766160 0.391629 -0.955051 1524727081.449573
77216215 -5.642960 0.439281 -0.951833 1524727081.550390
77216215 -5.766160 0.391629 -0.955051 1524727081.651266
77216215 -5.986220 0.182855 -0.963825 1524727081.752127
77216215 -6.299700 0.062091 -0.976299 1524727081.852970
77216215 -6.381510 0.008616 -0.989444 1524727081.953835
77216215 -6.577040 -0.107984 -1.004650 1524727082.054700
77216215 -6.780550 -0.271640 -1.040540 1524727082.155547
77216215 -7.087160 -0.360689 -0.991750 1524727082.256422
77216215 -7.568680 -0.397693 -0.952489 1524727082.458138
77216215 -7.967270 -0.507809 -0.930095 1524727082.558990
77216215 -8.374750 -0.669910 -0.927897 1524727082.760702
77216215 -8.784800 -0.759219 -0.934644 1524727082.861551
77216215 -9.093630 -0.796839 -0.945395 1524727082.962411
77216215 -9.424630 -0.807429 -0.958285 1524727083.063271
77216215 -9.583980 -0.807291 -0.970593 1524727083.164124
77216215 -9.817660 -1.004520 -0.983968 1524727083.365879
77216215 -10.130100 -1.127130 -0.994533 1524727083.466732
77216215 -10.603800 -1.185110 -1.005040 1524727083.668420
77216215 -10.989700 -1.205190 -1.013730 1524727083.769280
77216215 -11.285200 -1.308260 -1.019840 1524727083.870134
77216215 -11.511700 -1.368430 -1.024570 1524727083.970990
77216215 -11.697000 -1.495310 -1.034690 1524727084.172727
77216215 -11.865400 -1.566290 -1.042990 1524727084.273565
77216215 -12.133300 -1.596680 -1.050310 1524727084.374482
77216215 -12.383900 -1.605520 -1.056420 1524727084.475286
77216215 -12.613200 -1.705660 -1.062280 1524727084.576185
77216215 -12.724600 -1.766070 -1.068280 1524727084.677010
77216215 -12.949100 -1.793900 -1.072490 1524727084.777906
77216215 -13.274100 -1.803140 -1.076790 1524727084.878719
77216215 -13.668100 -1.804280 -1.103610 1524727085.080459
77216215 -13.898000 -1.802960 -1.124820 1524727085.181310
77216215 -14.188500 -1.801520 -1.122420 1524727085.282211
77216215 -14.336600 -1.800590 -1.141680 1524727085.383032
77216215 -14.576500 -1.800140 -1.134640 1524727085.584760
77216215 -14.902300 -1.799970 -1.128900 1524727085.685611
77216215 -15.089700 -1.799940 -1.125780 1524727085.786438
77216215 -15.260900 -1.799960 -0.993640 1524727085.887338
77216215 -15.431300 -1.799980 -0.895391 1524727085.988156
77216215 -15.608700 -1.799990 -0.839279 1524727086.089036
77216215 -15.795200 -1.800000 -0.954910 1524727086.189868
77216215 -15.989700 -1.700000 -0.947913 1524727086.391615
77216215 -16.189500 -1.637500 -0.937472 1524727086.492494
77216215 -16.492000 -1.607810 -0.929049 1524727086.694156
77216215 -16.670300 -1.597460 -0.923711 1524727086.795026
77216215 -16.841800 -1.595830 -0.921537 1524727086.895902
77216215 -17.017200 -1.596980 -0.921699 1524727086.996762
77216215 -17.100500 -1.598400 -0.923738 1524727087.198465
77216215 -17.217100 -1.599360 -0.926311 1524727087.299337
77216215 -17.471100 -1.499840 -0.929964 1524727087.601906
77216215 -17.630300 -1.437520 -0.932905 1524727087.702779
77216215 -17.902400 -1.407870 -0.935714 1524727087.904479
77216215 -18.162800 -1.297510 -0.937628 1524727088.005321
77216215 -18.302300 -1.333350 -0.938947 1524727088.106171
77216215 -18.446500 -1.367310 -0.939980 1524727088.207042
77216215 -18.507000 -1.288050 -0.940428 1524727088.307888
77216215 -18.710500 -1.335220 -1.099000 1524727088.509631
77216215 -18.834600 -1.371310 -1.060400 1524727088.610466
77216215 -18.988000 -1.391090 -1.171290 1524727088.711353
77216215 -19.067700 -1.399370 -1.090950 1524727088.913059
77216215 -19.190600 -1.401680 -1.014430 1524727089.013932
77216215 -19.354400 -1.401630 -1.123390 1524727089.215624
77216215 -19.447700 -1.401000 -1.053600 1524727089.316506
77216215 -19.582400 -1.400470 -0.992875 1524727089.417333
77216215 -19.754200 -1.400160 -0.951760 1524727089.518190
77216215 -19.751500 -1.400020 -0.930798 1524727089.619046
77216215 -19.912300 -1.399980 -0.925581 1524727089.820777
77216215 -20.014600 -1.399980 -0.929707 1524727089.921843
77216215 -20.062100 -1.499980 -1.185600 1524727090.022515
77216215 -20.170300 -1.462490 -2.120050 1524727090.123372
77216215 -20.331900 -1.529680 -1.803220 1524727090.224204
77216215 -20.529700 -1.472850 -1.433860 1524727090.325052
77216215 -20.746100 -1.431320 -1.131140 1524727090.526781

